Nodes!
25
[0 0]
1 0 0
[0 1]
2 0 1
[0 2]
3 0 2
[0 3]
4 0 3
[0 4]
5 0 4
[1 0]
6 1 0
[1 1]
7 1 1
[1 2]
8 1 2
[1 3]
9 1 3
[1 4]
10 1 4
[2 0]
11 2 0
[2 1]
12 2 1
[2 2]
13 2 2
[2 3]
14 2 3
[2 4]
15 2 4
[3 0]
16 3 0
[3 1]
17 3 1
[3 2]
18 3 2
[3 3]
19 3 3
[3 4]
20 3 4
[4 0]
21 4 0
[4 1]
22 4 1
[4 2]
23 4 2
[4 3]
24 4 3
[4 4]
25 4 4
80
1 2 1
1 6 1
2 1 1
2 3 1
2 7 1
3 2 1
3 4 1
3 8 1
4 3 1
4 5 1
4 9 1
5 4 1
5 10 1
6 1 1
6 7 1
6 11 1
7 2 1
7 6 1
7 8 1
7 12 1
8 3 1
8 7 1
8 9 1
8 13 1
9 4 1
9 8 1
9 10 1
9 14 1
10 5 1
10 9 1
10 15 1
11 6 1
11 12 1
11 16 1
12 7 1
12 11 1
12 13 1
12 17 1
13 8 1
13 12 1
13 14 1
13 18 1
14 9 1
14 13 1
14 15 1
14 19 1
15 10 1
15 14 1
15 20 1
16 11 1
16 17 1
16 21 1
17 12 1
17 16 1
17 18 1
17 22 1
18 13 1
18 17 1
18 19 1
18 23 1
19 14 1
19 18 1
19 20 1
19 24 1
20 15 1
20 19 1
20 25 1
21 16 1
21 22 1
22 17 1
22 21 1
22 23 1
23 18 1
23 22 1
23 24 1
24 19 1
24 23 1
24 25 1
25 20 1
25 24 1
