Nodes!
16
[0 0]
1 0 0
[0 1]
2 0 1
[0 2]
3 0 2
[0 3]
4 0 3
[1 0]
5 1 0
[1 1]
6 1 1
[1 2]
7 1 2
[1 3]
8 1 3
[2 0]
9 2 0
[2 1]
10 2 1
[2 2]
11 2 2
[2 3]
12 2 3
[3 0]
13 3 0
[3 1]
14 3 1
[3 2]
15 3 2
[3 3]
16 3 3
48
1 2 1
1 5 1
2 1 1
2 3 100
2 6 1
3 2 100
3 4 1
3 7 1
4 3 1
4 8 1
5 1 1
5 6 1
5 9 1
6 2 1
6 5 1
6 7 100
6 10 1
7 3 1
7 6 100
7 8 1
7 11 1
8 4 1
8 7 1
8 12 1
9 5 1
9 10 1
9 13 1
10 6 1
10 9 1
10 11 100
10 14 1
11 7 1
11 10 100
11 12 1
11 15 1
12 8 1
12 11 1
12 16 1
13 9 1
13 14 1
14 10 1
14 13 1
14 15 1
15 11 1
15 14 1
15 16 100
16 12 1
16 15 100
